Optimization Results for LogBarrier using adam_optimizer
----------------------------------------
Optimal x: [[-7.67954198e-01]
 [-1.68140653e+00]
 [ 8.50951972e-01]
 [-1.70969115e+00]
 [-5.66101944e-01]
 [ 1.22467858e+00]
 [ 3.17968497e-01]
 [ 7.64388493e-01]
 [-2.41224440e+00]
 [-6.75897101e+00]
 [ 1.88396171e+00]
 [-2.93200301e+00]
 [ 8.85946979e-01]
 [-1.45264577e+00]
 [ 4.88163893e-01]
 [ 4.62427849e-03]
 [ 7.79542977e-02]
 [ 5.54949865e-01]
 [-1.60837142e+00]
 [-2.32944940e+00]
 [-1.03034875e+00]
 [ 9.51773702e-01]
 [-9.03905637e-01]
 [-1.21558078e+00]
 [ 4.51548054e-01]
 [ 7.90232386e-01]
 [-1.91756792e+00]
 [ 9.33490925e-01]
 [ 4.89719786e-01]
 [ 6.01700958e-01]
 [-8.21335038e-01]
 [ 2.00874649e+00]
 [-8.29397341e-02]
 [-9.17472446e-01]
 [ 4.78558226e+00]
 [-1.84778539e+00]
 [ 7.91628030e-01]
 [ 8.77674126e-01]
 [-1.17717296e+00]
 [-1.68460465e-01]
 [-1.78301855e+00]
 [-5.83934737e-02]
 [-1.92007235e+00]
 [ 9.93655616e-02]
 [ 1.55690341e+00]
 [-1.43147741e+00]
 [ 1.91431239e+00]
 [-1.09297327e+00]
 [-1.94689504e+00]
 [-1.21311859e+00]
 [ 8.53146408e-01]
 [ 2.27256276e-01]
 [-1.04351688e+00]
 [ 2.30480981e+00]
 [-1.11023164e+00]
 [-2.06402600e-01]
 [-5.03959477e-01]
 [ 8.22490456e-01]
 [ 1.07822762e+00]
 [-2.19416161e+00]
 [ 1.71769482e+00]
 [-8.99738757e-01]
 [ 8.08082445e-01]
 [-8.88412902e-01]
 [-1.47297596e+00]
 [-1.96545683e+00]
 [ 2.43364232e+00]
 [ 7.85192661e-01]
 [ 1.78926641e+00]
 [-2.02914232e+00]
 [ 2.56531423e-01]
 [ 1.44737948e-01]
 [-1.08203459e+00]
 [-7.19985826e-01]
 [-1.28502341e+00]
 [ 1.04245887e+00]
 [ 1.05283698e+00]
 [-1.70989399e+00]
 [-1.63501385e+00]
 [-5.11686717e-01]
 [-1.70065733e+00]
 [-8.12209631e-01]
 [ 1.14942819e+00]
 [-1.60045026e+00]
 [ 1.29590089e+00]
 [-1.36087274e+00]
 [ 2.13994782e-01]
 [-6.52327681e-01]
 [ 2.34017523e+00]
 [ 6.27369839e-01]
 [ 3.56090466e-01]
 [ 2.50226517e+00]
 [-2.28198520e+00]
 [-1.63080050e+00]
 [ 1.68924389e+00]
 [-1.31275874e+00]
 [ 9.99056964e-01]
 [ 3.07555669e+00]
 [ 5.88646312e-02]
 [-1.31244830e-01]]
Number of steps: 2052
Errors: [2.9072589441386754, 2.1616273618997184, 1.854446538799266, 1.6859840007377898, 1.5817006898553245, 1.513115946867174, 1.4667244357829077, 1.4352044236682104, 1.414202774204341, 1.4009492865066022, 1.3935861622258017, 1.390814183153907, 1.3916929838057968, 1.3955220380107676, 1.4017665172802936, 1.410009352125826, 1.4199192400690208, 1.4312287063787608, 1.4437186974914766, 1.4572075334247074, 1.4715428371957842, 1.4865955396162462, 1.5022553576902737, 1.5184273366010075, 1.5350291708386976, 1.5519891037631623, 1.5692442619158555, 1.5867393197613637, 1.604425418208848, 1.622259279945638, 1.6402024788114886, 1.6582208307791007, 1.6762838817689953, 1.6943644731811673, 1.7124383703171588, 1.7304839421024099, 1.7484818829909727, 1.7664149698262008, 1.784267847939418, 1.802026841873385, 1.819679787054838, 1.8372158794211373, 1.8546255405865395, 1.8719002965524396, 1.8890326683301737, 1.9060160731130509, 1.922844734843693, 1.9395136032128448, 1.9560182802265444, 1.9723549536067821, 1.9885203363671735, 2.0045116119572413, 2.0203263844334742, 2.035962633166946, 2.0514186716111453, 2.066693109720063, 2.081784819624545, 2.096692904212432, 2.1114166682905307, 2.1259555920448747, 2.1403093065341636, 2.1544775709862733, 2.1684602517088933, 2.182257302408061, 2.195868745780672, 2.209294656222937, 2.2225351435374705, 2.235590337512349, 2.2484603732805226, 2.2611453773552057, 2.273645454235748, 2.2859606735244142, 2.2980910574365225, 2.310036568634814, 2.321797098305069, 2.3333724543820153, 2.344762349836401, 2.3559663909541086, 2.3669840654970358, 2.377814730672526, 2.388457600817901, 2.398911734696867, 2.4091760223304846, 2.419249171253341, 2.4291296921021512, 2.4388158834583464, 2.448305815825279, 2.4575973146831984, 2.4666879425274146, 2.475574979840758, 2.4842554049514547, 2.4927258727880144, 2.5009826925547713, 2.5090218044501853, 2.5168387556157086, 2.5244286756501424, 2.531786252169468, 2.538905707144295, 2.5457807750433403, 2.552404684230396, 2.5587701436149928, 2.564869337285927, 2.5706939308379333, 2.5762350943584806, 2.5814835487115033, 2.5864296439012833, 2.5910634810245483, 2.595375092790846, 2.599354701810171, 2.602993080946135, 2.6062820457884754, 2.6092151153952727, 2.6117883829124366, 2.6140016407653093, 2.6158598026045183, 2.6173746508782187, 2.618566906639444, 2.6194685555199158, 2.6201252562955233, 2.6205984920013634, 2.6209668922165292, 2.621325877982372, 2.62178452695548, 2.6224584745236825, 2.6234579921083423, 2.6248713812838105, 2.6267456069460877, 2.6290683454642476, 2.631757372457969, 2.6346630368973365, 2.6375864611206907, 2.6403106449786264, 2.642636321785176, 2.6444122663881444, 2.64555215210612, 2.6460355442636683, 2.645896105911106, 2.6452031040332713, 2.644042322068117, 2.642500573174857, 2.640655636397696, 2.6385715916946992, 2.6362985177634073, 2.6338751971377405, 2.6313335528293464, 2.628703759309019, 2.6260191634207786, 2.62332024624493, 2.6206568564580266, 2.6180879122366605, 2.6156778239210325, 2.6134892022319036, 2.611572152724875, 2.609951662198, 2.608616016872247, 2.6075102238480667, 2.606538160853006, 2.605575050906964, 2.6044881862706006, 2.603160132747689, 2.601506969327602, 2.599485699434126, 2.5970892942248156, 2.5943328431180817, 2.5912376045450856, 2.5878199308915555, 2.5840892249671015, 2.5800548054321553, 2.5757379131609923, 2.57118362930737, 2.566468410069774, 2.561701209999228, 2.5570182825724714, 2.552572770697452, 2.5485201399637845, 2.5450000961939168, 2.5421157847697486, 2.5399123567092374, 2.538359183016155, 2.537341890457583, 2.5366701303419177, 2.536103274822608, 2.535389797510561, 2.534310056287268, 2.5327102351727717, 2.5305187004903473, 2.527742893321374, 2.5244512742965526, 2.5207480052104074, 2.5167476982460357, 2.5125551379996978, 2.5082520946589284, 2.5038912307461487, 2.4994959094713067, 2.4950642403691745, 2.490575643375223, 2.4859983555361396, 2.4812965499074835, 2.4764360683782343, 2.471388184543457, 2.4661312669595645, 2.4606506251275277, 2.4549371039556718, 2.4489850989612023, 2.4427906035341493, 2.4363497267831917, 2.429657908029185, 2.4227098626668067, 2.4155001591009295, 2.4080242570801147, 2.4002798254482514, 2.3922681851538528, 2.3839957723771477, 2.375475569211403, 2.3667284894440854, 2.3577847194799233, 2.3486849853309195, 2.339481635275888, 2.3302392925852473, 2.321034659929637, 2.3119548918703003, 2.3030938767847147, 2.2945459014119933, 2.286396630760919, 2.2787121769481473, 2.2715281312459865, 2.2648414092693656, 2.2586080045725794, 2.2527487139250297, 2.2471625557927837, 2.241744746359018, 2.236404114854622, 2.2310749039377242, 2.2257201221414107, 2.2203268950634083, 2.2148969928352926, 2.209436752712463, 2.2039498234562416, 2.198434246810848, 2.1928833982210563, 2.1872890552676836, 2.181644650189355, 2.1759473733129653, 2.1701987200126496, 2.1644038293163703, 2.1585702977222354, 2.152707087464478, 2.146823866878094, 2.1409308207712456, 2.1350387716606747, 2.1291593828095756, 2.1233052354423307, 2.117489637489598, 2.1117261001550105, 2.1060275036847997, 2.100405063247308, 2.094867287462421, 2.089419167203232, 2.0840618090683165, 2.0787926246002826, 2.0736060296203505, 2.0684944588126655, 2.063449424831788, 2.058462381387926, 2.053525265426515, 2.048630732729862, 2.0437721984312702, 2.038943814212189, 2.034140467270163, 2.0293578130142578, 2.0245922986148344, 2.01984112401351, 2.015102118548384, 2.010373560630569, 2.0056540037658124, 2.0009421734418993, 1.9962369652860161, 1.9915375244834195, 1.9868433471733624, 1.9821543368061612, 1.9774707743531508, 1.9727932049577248, 1.9681222810902455, 1.9634586156475962, 1.95880268433325, 1.9541547865574103, 1.949515045602766, 1.9448834159779835, 1.9402596722666203, 1.935643372329423, 1.9310338065340602, 1.9264299536102953, 1.9218304602507033, 1.917233650020762, 1.9126375557093525, 1.9080399641013628, 1.9034384645617592, 1.8988304993476959, 1.894213418846448, 1.8895845456768257, 1.8849412476665748, 1.8802810142751696, 1.8756015275664595, 1.870900719635074, 1.8661768128513359, 1.8614283450292533, 1.8566541856689582, 1.851853549937914, 1.8470260145049906, 1.8421715352524188, 1.837290463874524, 1.8323835595911078, 1.8274519936744582, 1.8224973469696124, 1.8175216023810208, 1.8125271345475085, 1.8075166976905166, 1.8024934107588706, 1.7974607376540916, 1.7924224599455556, 1.7873826401373663, 1.7823455745040064, 1.7773157351948612, 1.77229770147801, 1.7672960797344786, 1.7623154117613922, 1.7573600713685664, 1.752434150447698, 1.7475413373122137, 1.742684791829106, 1.73786702329744, 1.7330897779820589, 1.728353943676666, 1.723659478706395, 1.7190053722106313, 1.714389641359503, 1.7098093690324276, 1.7052607824325605, 1.7007393694334496, 1.6962400256538785, 1.6917572219804242, 1.6872851802941113, 1.6828180447291743, 1.6783500370647744, 1.6738755874512208, 1.6693894351215022, 1.66488669734008, 1.6603629081205327, 1.655814030734291, 1.6512364495715701, 1.646626947432651, 1.6419826740789176, 1.6373011109794788, 1.6325800360709763, 1.6278174911085443, 1.6230117531440555, 1.618161310727828, 1.6132648447360225, 1.6083212131507025, 1.6033294386575108, 1.5982886976821646, 1.5931983093241797, 1.588057722821759, 1.582866502514662, 1.5776243097670886, 1.5723308819278827, 1.5669860089155918, 1.561589508400175, 1.5561412007923536, 1.5506408852506866, 1.5450883178773438, 1.539483193101205, 1.5338251291263987, 1.5281136581825194, 1.5223482222045277, 1.5165281744534695, 1.5106527874277162, 1.5047212672225214, 1.4987327742592242, 1.4926864500030206, 1.486581449100413, 1.4804169761246158, 1.4741923260849035, 1.4679069278276984, 1.4615603896049834, 1.455152546177942, 1.4486835069305926, 1.4421537044850083, 1.4355639430955307, 1.4289154458424491, 1.422209899075824, 1.4154494920248908, 1.4086369487463344, 1.401775548941714, 1.3948691335731382, 1.3879220908129355, 1.3809393177562015, 1.3739261536866252, 1.366888281566844, 1.3598315960648506, 1.3527620387408206, 1.345685404165124, 1.3386071243753577, 1.3315320430460815, 1.3244641944515934, 1.317406605060114, 1.310361136911979, 1.3033283908011981, 1.2963076837186236, 1.289297108728988, 1.2822936771344757, 1.2752935334688118, 1.2682922249732655, 1.2612850002878986, 1.2542671084374888, 1.2472340695635467, 1.240181893288991, 1.2331072282504465, 1.2260074360683575, 1.2188805929658884, 1.2117254309969212, 1.2045412369943733, 1.1973277301999588, 1.1900849390249277, 1.1828130938961294, 1.175512547694325, 1.1681837289424948, 1.1608271267805321, 1.1534433017704941, 1.1460329132796687, 1.1385967527435241, 1.1311357725180642, 1.1236511018391866, 1.1161440442815547, 1.1086160543877668, 1.1010686944323425, 1.0935035750512725, 1.0859222855015105, 1.0783263204180003, 1.0707170101336487, 1.063095461071498, 1.0554625115364615, 1.0478187067265026, 1.0401642950514542, 1.0324992461887632, 1.024823289784763, 1.017135972552751, 1.0094367306323875, 1.0017249737252314, 0.9940001773234144, 0.9862619795262617, 0.9785102791829559, 0.9707453323921982, 0.9629678446754042, 0.9551790563191389, 0.9473808184761765, 0.9395756575768246, 0.9317668255011995, 0.9239583328439949, 0.9161549626578562, 0.9083622623675183, 0.9005865123458534, 0.8928346708839854, 0.8851142970333967, 0.8774334547333638, 0.8698006035428989, 0.862224482712918, 0.8547139958700427, 0.8472781028813188, 0.8399257235187179, 0.8326656543795252, 0.8255064968680017, 0.8184565905598902, 0.8115239439975994, 0.8047161547110591, 0.7980403123597171, 0.7915028831857853, 0.7851095796972913, 0.7788652251592794, 0.7727736268698209, 0.7668374737922932, 0.7610582726401844, 0.7554363318013202, 0.7499707959136686, 0.7446597267016841, 0.7395002196349196, 0.734488542318104, 0.7296202796392208, 0.724890472613879, 0.7202937414995176, 0.7158243882804527, 0.7114764778571043, 0.7072439007133653, 0.7031204219069878, 0.6990997220868849, 0.6951754358510698, 0.6913411915870711, 0.6875906552613742, 0.6839175787954446, 0.6803158520842771, 0.6767795564255721, 0.6733030163859439, 0.6698808469013784, 0.6665079926556245, 0.6631797574918892, 0.6598918226413844, 0.6566402537068825, 0.6534214974881252, 0.6502323705421986, 0.6470700418708475, 0.6439320120161938, 0.6408160904043143, 0.6377203720608122, 0.6346432140999241, 0.6315832118893923, 0.6285391746841924, 0.6255101007359372, 0.6224951523145137, 0.6194936315482664, 0.6165049581923085, 0.6135286504004398, 0.6105643091864295, 0.6076116067006296, 0.6046702779212865, 0.6017401149483703, 0.5988209628794721, 0.5959127163141602, 0.5930153156759843, 0.5901287428796422, 0.5872530160690985, 0.5843881835612592, 0.5815343172475878, 0.5786915059584317, 0.575859849324388, 0.573039452651301, 0.5702304231917878, 0.5674328680033796, 0.5646468933646247, 0.5618726055354273, 0.5591101124855413, 0.5563595261687624, 0.5536209649026205, 0.5508945554679485, 0.548180434646838, 0.5454787500334533, 0.5427896600699569, 0.5401133333994039, 0.5374499477088648, 0.5347996882624102, 0.5321627463827099, 0.5295393180313113, 0.526929602618111, 0.5243338020691226, 0.5217521201266209, 0.5191847618125394, 0.516631932958262, 0.5140938397485115, 0.5115706882006634, 0.5090626835776675, 0.5065700297236617, 0.5040929283436526, 0.5016315782627316, 0.4991861746898394, 0.49675690853246124, 0.4943439657554336, 0.4919475268197857, 0.48956776618479125, 0.48720485186686346, 0.48485894503846794, 0.48253019967205546, 0.48021876220627746, 0.4779247712335746, 0.47564835720822884, 0.4733896421839745, 0.47114873956434167, 0.46892575389529156, 0.46672078068331757, 0.46453390626038527, 0.46236520768252376, 0.46021475266798006, 0.45808259957948394, 0.4559687974269764, 0.4538733858998967, 0.4517963954303923, 0.449737847261531, 0.4476977535609876, 0.44567611752745506, 0.44367293353934656, 0.44168818729212944, 0.4397218559806788, 0.43777390845707487, 0.4358443054147756, 0.43393299956278497, 0.4320399358130089, 0.43016505144623807, 0.42830827629859414, 0.426469532927058, 0.4246487367795453, 0.42284579636407216, 0.4210606134065529, 0.4192930830149635, 0.4175430938344107, 0.41581052819719844, 0.4140952622765326, 0.4123971662247641, 0.41071610431890804, 0.4090519350907016, 0.40740451145256884, 0.4057736808304071, 0.4041592852740905, 0.40256116158070654, 0.40097914141188085, 0.39941305140519034, 0.3978627133064947, 0.3963279440868064, 0.3948085560728032, 0.3933043570918926, 0.39181515061181926, 0.3903407358948243, 0.3888809081704494, 0.38743545880288366, 0.3860041754815029, 0.38458684242414165, 0.3831832405840032, 0.3817931478833998, 0.3804163394443094, 0.3790525878448534, 0.3777016633848689, 0.3763633343537549, 0.3750373673287868, 0.37372352745387616, 0.3724215787569847, 0.37113128445253096, 0.36985240725152835, 0.3685847096849102, 0.3673279544163961, 0.3660819045576318, 0.3648463239846933, 0.3636209776441319, 0.36240563185674546, 0.36120005461134497, 0.3600040158517004, 0.35881728774302246, 0.3576396449425374, 0.3564708648382293, 0.35531072778394446, 0.35415901731539634, 0.3530155203479808, 0.35188002735867485, 0.3507523325552029, 0.34963223400836796, 0.3485195337930236, 0.34741403809221083, 0.34631555728174135, 0.3452239060161446, 0.34413890327414265, 0.3430603723995773, 0.3419881411341521, 0.34092204161470363, 0.33986191037683966, 0.3388075883331112, 0.33775892074481817, 0.33671575718290114, 0.3356779514747359, 0.33464536164729, 0.33361784986118437, 0.3325952823361149, 0.33157752926990725, 0.3305644647630288, 0.3295559667189991, 0.32855191676435425, 0.3275522001522404, 0.32655670566282424, 0.3255653255191646, 0.32457795528034694, 0.32359449375280747, 0.3226148428934721, 0.3216389077142594, 0.3206665961906765, 0.31969781917450746, 0.31873249029376893, 0.31777052587858634, 0.3168118448711539, 0.31585636873478506, 0.3149040213875196, 0.3139547291152667, 0.3130084204972263, 0.3120650263354037, 0.3111244795791208, 0.31018671526180697, 0.30925167043005786, 0.30831928408224485, 0.30738949710803354, 0.30646225222199064, 0.30553749391219753, 0.3046151683811331, 0.30369522349428735, 0.3027776087237726, 0.30186227510057506, 0.30094917516498754, 0.3000382629179512, 0.2991294937760358, 0.29822282453005755, 0.29731821329551167, 0.2964156194766474, 0.2955150037241765, 0.29461632789480063, 0.2937195550157412, 0.292824649249269, 0.2919315758508674, 0.29104030114558554, 0.29015079248574693, 0.28926301822230016, 0.2883769476757152, 0.2874925511064248, 0.28660979968299216, 0.28572866545619036, 0.28484912133535545, 0.2839711410588279, 0.2830946991730343, 0.2822197710047476, 0.28134633264789954, 0.2804743609290199, 0.27960383340041517, 0.27873472831015533, 0.27786702459297885, 0.27700070184300785, 0.2761357403096554, 0.27527212086624786, 0.2744098250168463, 0.27354883485759274, 0.27268913308625997, 0.2718307029776952, 0.2709735283738155, 0.2701175936808795, 0.2692628838485689, 0.2684093843727169, 0.26755708128030165, 0.26670596112217027, 0.26585601097167455, 0.2650072184128476, 0.26415957153722047, 0.26331305894427715, 0.2624676697241739, 0.26162339347047237, 0.2607802202624043, 0.25993814067260246, 0.25909714575709586, 0.25825722705803855, 0.257418376599162, 0.25658058688804886, 0.25574385090749274, 0.2549081621236837, 0.2540735144775681, 0.25323990238712213, 0.25240732074735206, 0.2515757649302941, 0.25074523077864797, 0.24991571461123385, 0.24908721322026395, 0.24825972387043294, 0.24743324429346103, 0.24660777269673417, 0.2457833077514806, 0.2449598485959541, 0.24413739483634345, 0.24331594653722277, 0.2424955042251895, 0.24167606888386217, 0.2408576419511519, 0.24004022531426017, 0.2392238213069504, 0.2384084327072742, 0.23759406272938577, 0.23678071501944942, 0.2359683936529109, 0.23515710312312876, 0.23434684834137443, 0.2335376346236444, 0.23272946769111513, 0.2319223536528625, 0.23111629900813568, 0.23031131062725763, 0.22950739575344414, 0.22870456198370448, 0.22790281726747708, 0.22710216988934917, 0.22630262846178084, 0.22550420191782905, 0.22470689949204825, 0.22391073071503342, 0.22311570539795866, 0.22232183362439173, 0.22152912573301364, 0.220737592308069, 0.21994724416663303, 0.21915809233951222, 0.21837014806851585, 0.2175834227841733, 0.2167979280907275, 0.2160136757629516, 0.21523067771886417, 0.21444894601745546, 0.21366849283322153, 0.21288933045389058, 0.2121114712540475, 0.21133492769331497, 0.2105597122922518, 0.20978583762280323, 0.20901331629465858, 0.20824216094160874, 0.20747238420517533, 0.20670399872415146, 0.20593701712368784, 0.20517145199255538, 0.20440731588450944, 0.20364462129418825, 0.20288338065211065, 0.20212360630875992, 0.20136531052776263, 0.20060850546815345, 0.1998532031848299, 0.19909941560354127, 0.1983471545268003, 0.19759643161341955, 0.19684725837578299, 0.19609964616438447, 0.19535360617555853, 0.194609149423286, 0.19386628674965323, 0.19312502881075488, 0.19238538606987277, 0.19164736880065902, 0.19091098706940102, 0.19017625074502575, 0.18944316948363848, 0.18871175273488916, 0.18798200973060375, 0.1872539494938792, 0.18652758082225773, 0.18580291230591683, 0.18507995230675078, 0.1843587089756511, 0.18363919024341158, 0.1829214038216378, 0.18220535721047781, 0.1814910576922557, 0.18077851234011177, 0.18006772801800253, 0.1793587113807007, 0.17865146888289019, 0.1779460067778018, 0.1772423311235798, 0.1765404477851007, 0.17584036244306844, 0.17514208059128578, 0.1744456075493872, 0.17375094846102002, 0.17305810830202972, 0.17236709188728128, 0.1716779038747518, 0.17099054876825903, 0.1703050309270111, 0.16962135456878968, 0.16893952377859023, 0.16825954251044095, 0.16758141459422404, 0.16690514374340637, 0.16623073356049645, 0.16555818753658968, 0.1648875090695583, 0.16421870145222783, 0.1635517678942051, 0.16288671151596645, 0.16222353535977163, 0.1615622423928471, 0.16090283550829554, 0.1602453175391929, 0.15958969125131262, 0.1589359593572226, 0.15828412451537588, 0.15763418933329376, 0.1569861563757513, 0.15634002816386783, 0.15569580717783538, 0.15505349586646844, 0.1544130966449302, 0.15377461189427777, 0.15313804397283093, 0.15250339520935086, 0.15187066791258985, 0.1512398643699271, 0.1506109868441854, 0.14998403758545464, 0.14935901882290636, 0.14873593277297914, 0.14811478163301217, 0.14749556758761173, 0.1468782928109249, 0.14626295945754464, 0.1456495696725142, 0.14503812558768914, 0.1444286293190089, 0.14382108297104423, 0.1432154886351782, 0.14261184838460395, 0.14201016428296498, 0.1414104383711674, 0.14081267268102238, 0.14021686922205845, 0.13962302998470477, 0.13903115694347434, 0.1384412520492333, 0.1378533172310199, 0.13726735439649929, 0.136683365425597, 0.13610135217504649, 0.1355213164711131, 0.1349432601150511, 0.13436718487218968, 0.13379309248057325, 0.13322098464232113, 0.1326508630245371, 0.13208272925794518, 0.13151658493461582, 0.13095243160842074, 0.13039027078866638, 0.12983010394555095, 0.12927193250061464, 0.12871575783310618, 0.12816158127361632, 0.1276094041045326, 0.12705922755458232, 0.12651105280701813, 0.1259648809873397, 0.12542071316829606, 0.12487855036761175, 0.12433839354571319, 0.12380024360618336, 0.12326410139212385, 0.12272996768888333, 0.12219784321678162, 0.12166772863974984, 0.12113962455259752, 0.1206135314932908, 0.12008944992703618, 0.11956738026037783, 0.11904732282982877, 0.11852927790823742, 0.1180132456956926, 0.11749922632952803, 0.11698721987477256, 0.11647722632960722, 0.11596924562036293, 0.115463277606068, 0.11495932206980797, 0.11445737872963946, 0.11395744722995005, 0.11345952714236773, 0.11296361796712517, 0.11246971913487869, 0.11197783000170602, 0.11148794984910637, 0.11100007789082156, 0.11051421326465061, 0.11003035503381398, 0.10954850219468426, 0.10906865366405327, 0.10859080828686274, 0.10811496483938754, 0.10764112201786702, 0.10716927845169266, 0.10669943268931092, 0.10623158321504889, 0.10576572843092436, 0.10530186667256203, 0.10483999619737006, 0.10438011519090651, 0.10392222176778887, 0.10346631396441808, 0.10301238974716398, 0.10256044700690836, 0.10211048356450192, 0.1016624971625788, 0.10121648547283257, 0.10077244609237823, 0.10033037654784493, 0.09989027428719055, 0.09945213668697761, 0.09901596105100907, 0.09858174460759983, 0.09814948451275995, 0.09771917784473771, 0.09729082161265978, 0.09686441274880053, 0.09643994810812728, 0.09601742447921424, 0.0955968385669621, 0.09517818700624048, 0.09476146635824989, 0.09434667310415534, 0.09393380365600024, 0.09352285434624719, 0.09311382143187075, 0.09270670109754064, 0.09230148944789107, 0.09189818251707038, 0.09149677625646291, 0.09109726654514816, 0.09069964918762707, 0.09030391990654607, 0.08991007435270149, 0.08951810809685412, 0.08912801663518621, 0.08873979538429921, 0.088353439686216, 0.08796894480428818, 0.08758630592456029, 0.08720551815531508, 0.08682657652798298, 0.0864494759966874, 0.08607421143824467, 0.08570077764898087, 0.08532916935246249, 0.08495938118994673, 0.08459140772947649, 0.08422524345814963, 0.08386088278848547, 0.083498320054332, 0.08313754951268493, 0.08277856534277817, 0.08242136165154079, 0.08206593246222837, 0.08171227172942963, 0.081360373325424, 0.0810102310529146, 0.08066183863547849, 0.08031518972211416, 0.07997027788860578, 0.07962709663752321, 0.07928563939731248, 0.07894589952138631, 0.07860787029358107, 0.07827154492633781, 0.07793691655933799, 0.07760397826041299, 0.07727272303145583, 0.07694314380296419, 0.07661523343813315, 0.07628898473149093, 0.07596439041253689, 0.07564144314437726, 0.07532013552281569, 0.07500046008726713, 0.07468240930484171, 0.07436597558762514, 0.0740511512840385, 0.07373792868384044, 0.07342630001949146, 0.07311625746206118, 0.07280779313077801, 0.07250089908757218, 0.072195567342078, 0.07189178985072431, 0.07158955851855353, 0.0712888652028596, 0.0709897017086405, 0.07069205979951221, 0.070395931189978, 0.0701013075499759, 0.06980818050851667, 0.06951654165595755, 0.06922638253809055, 0.0689376946656921, 0.06865046951270415, 0.06836469852032678, 0.06808037309338033, 0.06779748460621704, 0.06751602440544957, 0.06723598380631302, 0.06695735410085035, 0.06668012655291022, 0.0664042924054229, 0.066129842880855, 0.06585676917984529, 0.06558506248393314, 0.06531471396419875, 0.06504571477034915, 0.06477805604481546, 0.06451172891547685, 0.06424672450293656, 0.06398303391824811, 0.0637206482720103, 0.06345955866254371, 0.06319975619408069, 0.06294123196403234, 0.06268397707663098, 0.06242798263338045, 0.06217323974442479, 0.0619197395262745, 0.061667473100442294, 0.06141643160208332, 0.06116660617317393, 0.06091798797433512, 0.060670568177101813, 0.06042433796756086, 0.060179288556810207, 0.05993541116822598, 0.059692697049285925, 0.05945113747065989, 0.05921072372711933, 0.05897144713617308, 0.058733299048071785, 0.05849627083625819, 0.05826035390691686, 0.058025539698519424, 0.05779181967955083, 0.057559185355330555, 0.057327628267557884, 0.05709713998930965, 0.05686771214004693, 0.05663933637106311, 0.056412004380490544, 0.05618570790375088, 0.055960438721285755, 0.05573618865901153, 0.055512949585136084, 0.05529071341516101, 0.055069472116883844, 0.054849217697665154, 0.05462994222216366, 0.05441163780142233, 0.05419429659832531, 0.05397791082987169, 0.05376247276353752, 0.053547974721823266, 0.05333440908407283, 0.05312176828192605, 0.05291004480341144, 0.05269923119658415, 0.05248932006588802, 0.05228030407033657, 0.052072175933972176, 0.05186492843495216, 0.051658554416007973, 0.05145304677671447, 0.05124839847894691, 0.05104460254779042, 0.050841652067447285, 0.05063954018532968, 0.05043826011433339, 0.05023780512647136, 0.050038168557875906, 0.04983934381107247, 0.04964132434906787, 0.04944410370262631, 0.049247675461629115, 0.04905203328689822, 0.04885717089928221, 0.04866308208420378, 0.04846976069620723, 0.048277200650318264, 0.04808539592886518, 0.04789434058011466, 0.047704028714179, 0.04751445450801839, 0.0473256122049861, 0.04713749611073581, 0.0469501005982238, 0.04676342010179724, 0.046577449123560655, 0.04639218222928321, 0.04620761404703444, 0.046023739272186504, 0.04584055266241194, 0.04565804903586468, 0.04547622327982026, 0.04529507034294511, 0.04511458523074907, 0.04493476302241106, 0.04475559884940594, 0.04457708791051118, 0.044399225462257164, 0.04422200682802213, 0.04404542738575401, 0.043869482578884345, 0.043694167908142845, 0.043519478935195366, 0.04334541127855118, 0.04317196061992945, 0.042999122697438, 0.04282689330284484, 0.04265526829385635, 0.04248424357865588, 0.0423138151263629, 0.04214397895475486, 0.04197473114845707, 0.04180606783802432, 0.041637985212219064, 0.04147047951346394, 0.04130354704011552, 0.04113718413736933, 0.04097138720953808, 0.04080615271050192, 0.04064147714507271, 0.04047735706944877, 0.040313789088486374, 0.040150769862520974, 0.039988296093724784, 0.0398263645388397, 0.03966497199917285, 0.03950411532650833, 0.03934379141765021, 0.03918399721624155, 0.03902472971367388, 0.038865985944539716, 0.03870776298936107, 0.038550057971406204, 0.03839286806214659, 0.03823619047034299, 0.03808002245204989, 0.0379243613010658, 0.03776920435802822, 0.03761454900040917, 0.03746039264660794, 0.03730673275686058, 0.03715356682687343, 0.03700089239691806, 0.03684870703955312, 0.036697008369174, 0.03654579403428215, 0.036395061722942046, 0.036244809154595714, 0.0360950340900672, 0.03594573432201287, 0.03579690767583088, 0.035648552013299195, 0.03550066523166606, 0.035353245253190835, 0.03520629004242437, 0.035059797588473884, 0.03491376591591688, 0.03476819307570622, 0.03462307715608404, 0.034478416267575085, 0.034334208554810175, 0.034190452190159704, 0.034047145373733656, 0.033904286335200595, 0.03376187332924019, 0.033619904639635934, 0.03347837857518243, 0.03333729347195913, 0.03319664769105657, 0.03305643961994065, 0.03291666766745038, 0.03277733027061913, 0.03263842588785337, 0.03249995300302544, 0.03236191012047129, 0.03222429576999275, 0.03208710850094576, 0.03195034688587839, 0.03181400951825708, 0.03167809501337615, 0.0315426020065388, 0.031407529152602365, 0.031272875126433064, 0.03113863862472499, 0.0310048183591789, 0.03087141306241392, 0.030738421487058076, 0.03060584240074604, 0.030473674590211886, 0.030341916859470075, 0.03021056802754174, 0.030079626934366388, 0.029949092432616453, 0.02981896338997103, 0.029689238695937092, 0.029559917246842815, 0.029430997959934757, 0.029302479764737654, 0.029174361607601895, 0.029046642445337056, 0.028919321250214125, 0.028792397010874993, 0.02866586872278276, 0.028539735400045174, 0.028413996069048153, 0.02828864976299883, 0.028163695534203725, 0.028039132442245318, 0.02791495955989376, 0.027791175972652127, 0.027667780772844708, 0.027544773069166695, 0.027422151975770248, 0.027299916621359444, 0.027178066141459567, 0.02705659968296459, 0.026935516403682414, 0.026814815467332664, 0.02669449605036789, 0.026574557335607096, 0.026454998518147477, 0.026335818796724197, 0.026217017382350605, 0.026098593492861255, 0.025980546353366663, 0.02586287519761754, 0.025745579267550056, 0.025628657810557343, 0.025512110082672734, 0.025395935345386533, 0.025280132871102978, 0.025164701933135802, 0.02504964181480318, 0.024934951805335004, 0.024820631200327625, 0.024706679297651135, 0.02459309540972754, 0.02447987884261238, 0.02436702891918685, 0.02425454496005841, 0.024142426294474717, 0.024030672255776153, 0.023919282183669566, 0.0238082554178618, 0.023697591310337884, 0.02358728920989961, 0.023477348476262705, 0.023367768467323913, 0.02325854855007492, 0.02314968809241691, 0.023041186466798536, 0.02293304305021593, 0.022825257223757944, 0.02271782836805869, 0.02261075587284722, 0.022504039126033604, 0.022397677523258608, 0.022291670457889268, 0.02218601733147807, 0.022080717544668005, 0.021975770504468528, 0.021871175613796368, 0.021766932286936935, 0.021663039934537665, 0.021559497969974473, 0.021456305812534993, 0.021353462878778373, 0.02125096859117548, 0.021148822373106668, 0.0210470236479523, 0.020945571844094957, 0.02084446638764348, 0.020743706711982668, 0.02064329224594985, 0.02054322242292983, 0.020443496678126394, 0.020344114447652828, 0.020245075167622417, 0.020146378276422183, 0.020048023215167632, 0.019950009420881543, 0.0198523363383174, 0.019755003407226468, 0.01965801007236223, 0.019561355778023426, 0.019465039966235054, 0.01936906208493383, 0.019273421579327987, 0.019178117896444746, 0.01908315048149234, 0.018988518783771724, 0.01889422225076487, 0.018800260329953744, 0.01870663247018456, 0.018613338120303524, 0.018520376728247356, 0.018427747745136003, 0.01833545061708719, 0.018243484796585108, 0.018151849730656977, 0.018060544868603756, 0.01796956966018115, 0.01787892355287113, 0.01778860599779364, 0.017698616441521153, 0.017608954332899884, 0.017519619120321295, 0.0174306102517221, 0.017341927172310534, 0.017253569332751795, 0.017165536176435126, 0.017077827150387748, 0.016990441701636882, 0.016903379272662278, 0.016816639310491155, 0.01673022125760326, 0.016644124557842588, 0.016558348654598376, 0.016472892988531385, 0.016387757001666614, 0.016302940136029065, 0.01621844182955101, 0.016134261522438464, 0.016050398653533193, 0.015966852658038988, 0.015883622975707112, 0.015800709042196104, 0.01571811028952652, 0.01563582615563064, 0.015553856071164773, 0.015472199469058978, 0.015390855782698054, 0.015309824439100339, 0.015229104869376897, 0.015148696501910308, 0.015068598764628405, 0.014988811083185283, 0.014909332883235038, 0.014830163587703282, 0.014751302622244111, 0.014672749407054653, 0.014594503363696276, 0.01451656391236611, 0.014438930470532796, 0.01436160245884821, 0.014284579289778776, 0.014207860382157378, 0.014131445148450439, 0.014055333000669634, 0.013979523353100376, 0.013904015614571108, 0.013828809195729264, 0.01375390350312955, 0.01367929794560041, 0.013604991927422816, 0.01353098485560622, 0.013457276129429374, 0.013383865154082741, 0.013310751330209314, 0.013237934057087841, 0.013165412732178083, 0.013093186753394548, 0.013021255517742247, 0.012949618416314479, 0.01287827484702575, 0.012807224197786127, 0.012736465862872137, 0.012665999229284353, 0.012595823685842333, 0.01252593862136564, 0.012456343418762117, 0.012387037464577588, 0.012318020141265151, 0.012249290831277904, 0.012180848913885711, 0.01211269377017743, 0.012044824777149188, 0.011977241311797115, 0.011909942750207847, 0.011842928465739533, 0.011776197832659818, 0.011709750222507864, 0.011643585005003843, 0.011577701549867925, 0.011512099225910788, 0.011446777397850383, 0.011381735434497386, 0.01131697269693177, 0.01125248854941674, 0.011188282355760748, 0.011124353474315285, 0.011060701263431838, 0.010997325085099874, 0.010934224293123407, 0.010871398244034935, 0.010808846293457464, 0.010746567793376016, 0.010684562097594608, 0.010622828555824526, 0.010561366518231807, 0.01050017533452774, 0.010439254350785632, 0.010378602913988288, 0.010318220369299524, 0.010258106062337902, 0.010198259333719761, 0.010138679525880434, 0.01007936598125525, 0.010020318038186815, 0.009961535035017732, 0.009903016310090607, 0.009844761199019558, 0.009786769037418708, 0.009729039160902175, 0.009671570899627113, 0.009614363588752894, 0.009557416557981924, 0.0095007291379261, 0.009444300657833082, 0.009388130444222043, 0.009332217827250133, 0.009276562131162791, 0.009221162680205452, 0.009166018800442544, 0.009111129814755259, 0.009056495044205803, 0.009002113813039614, 0.008947985437316675, 0.008894109241282422, 0.008840484540542093, 0.008787110652519914, 0.00873398689827809, 0.008681112588874385, 0.008628487042187771, 0.008576109572459245, 0.008523979492565559, 0.008472096115383465, 0.008420458752425475, 0.008369066716113593, 0.008317919316141342, 0.008267015861747495, 0.008216355660806585, 0.008165938024376374, 0.008115762257148162, 0.008065827666086989, 0.00801613355815789, 0.007966679238506913, 0.007917464010915864, 0.007868487179621297, 0.00781974804795027, 0.007771245917410852, 0.007722980092694343, 0.007674949872580328, 0.007627154558576876, 0.0075795934512825625, 0.0075322658499317185, 0.007485171054213424, 0.00743830836017878, 0.007391677069335856, 0.007345276477281004, 0.007299105880065326, 0.0072531645755589125, 0.007207451859812863, 0.0071619670270592906, 0.007116709373349295, 0.0070716781929149874, 0.007026872779533733, 0.006982292427437642, 0.0069379364308588265, 0.006893804081300914, 0.006849894671631773, 0.006806207494719274, 0.006762741842067044, 0.006719497006088204, 0.006676472276012646, 0.006633666945162986, 0.006591080303223862, 0.006548711639425164, 0.006506560246180015, 0.006464625413173053, 0.0064229064282699255, 0.006381402582519513, 0.006340113163787464, 0.006299037464032153, 0.006258174768390745, 0.006217524368366867, 0.006177085552735662, 0.006136857607998536, 0.0060968398247496225, 0.00605703148903558, 0.006017431891450542, 0.005978040318495914, 0.0059388560598563345, 0.005899878401578462, 0.005861106633346935, 0.0058225400434821495, 0.005784177918485511, 0.005746019546677417, 0.005708064217742503, 0.00567031121954642, 0.005632759838590573, 0.005595409364104853, 0.0055582590866833925, 0.005521308290553861, 0.005484556267674634, 0.005448002305911359, 0.005411645694493927, 0.005375485722652229, 0.005339521678251913, 0.005303752851887111, 0.0052681785332424624, 0.005232798012912099, 0.005197610580125911, 0.005162615524113789, 0.005127812138653098, 0.005093199712973728, 0.0050587775372150645, 0.005024544905154471, 0.004990501107840828, 0.00495664543723251, 0.004922977185287891, 0.004889495647148578, 0.004856200114772946, 0.004823089881028864, 0.004790164241967432, 0.004757422490911267, 0.004724863923911471, 0.004692487834745407, 0.00466029352219266, 0.004628280279575847, 0.004596447406584048, 0.004564794198358868, 0.004533319954589388, 0.004502023973145697, 0.004470905553716875, 0.004439963994173013, 0.0044091985978411685, 0.0043786086616819375, 0.004348193490841368, 0.0043179523845537915, 0.004287884647510509, 0.004257989582129085, 0.004228266492646071, 0.004198714683752769, 0.0041693334601404786, 0.004140122129683732, 0.00411107999707383, 0.004082206371094799, 0.004053500560075918, 0.004024961872801214, 0.003996589618509461, 0.003968383108713169, 0.003940341654470103, 0.003912464569111762, 0.0038847511623316677, 0.0038572007515540463, 0.0038298126510198927, 0.0038025861731512123, 0.003775520638555463, 0.0037486153628378815, 0.003721869662967947, 0.0036952828595531173, 0.0036688542741103447, 0.003642583223154361, 0.003616469034113834, 0.003590511025777232, 0.0035647085242089815, 0.0035390608531997714, 0.003513567339268775, 0.003488227309389913, 0.003463040091901348, 0.0034380050142317486, 0.0034131214079025085, 0.0033883886026160326, 0.003363805932167452, 0.0033393727294424025, 0.003315088326417026, 0.003290952062343422, 0.0032669632705619733, 0.003243121290779527, 0.0032194254613386875, 0.003195875120582059, 0.003172469611854467, 0.003149208276227, 0.0031260904579539783, 0.003103115500380227, 0.0030802827513980446, 0.0030575915561712463, 0.003035041265320615, 0.0030126312249194598, 0.00299036078968129, 0.0029682293084078992, 0.0029462361371770385, 0.0029243806275189854, 0.0029026621386947227, 0.002881080026327254, 0.00285963364831332, 0.0028383223652781453, 0.0028171455387564492, 0.0027961025307376985, 0.002775192704575602, 0.0027544154263523524, 0.0027337700630596373, 0.0027132559816891444, 0.0026928725510515505, 0.002672619142686017, 0.0026524951308601885, 0.00263249988483949, 0.002612632782984292, 0.0025928932004717353, 0.002573280514752696, 0.0025537941069160297, 0.0025344333553221077, 0.002515197644243017, 0.002496086356586602, 0.0024770988779891923, 0.002458234593632369, 0.002439492893699935, 0.0024208731661019556, 0.0024023748046602122, 0.00238399719910376, 0.0023657397464376118, 0.0023476018391193065, 0.002329582879156078, 0.0023116822608244547, 0.0022938993879506597, 0.002276233660722937, 0.002258684483877005, 0.002241251261693833, 0.0022239334020923707, 0.0022067303134463145, 0.0021896414032198663, 0.0021726660875174275, 0.002155803775167442, 0.002139053884548048, 0.00212241582948991, 0.0021058890310996503, 0.0020894729063911655, 0.0020731668778353196, 0.002056970368812472, 0.002040882804976718, 0.002024903609708417, 0.0020090322154828755, 0.001993268048408936, 0.0019776105418713996, 0.0019620591274360777, 0.0019466132434899919, 0.001931272323417943, 0.0019160358065164473, 0.001900903131627274, 0.0018858737430491601, 0.0018709470832618535, 0.0018561225961093442, 0.0018413997290736006, 0.001826777932819823, 0.0018122566552847275, 0.0017978353498619981, 0.0017835134704000666, 0.0017692904721116065, 0.0017551658138472703, 0.001741138952638721, 0.00172720935097459, 0.0017133764717982558, 0.0016996397785078443, 0.001685998739048955, 0.0016724528200029454, 0.001659001492043899, 0.001645644226755394, 0.001632380497539998, 0.0016192097800740157, 0.0016061315518527408, 0.0015931452899167198, 0.001580250477672962, 0.0015674465944357507, 0.0015547331281595689, 0.0015421095640704152, 0.0015295753869395412, 0.00151713009154264, 0.0015047731649246998, 0.001492504104589898, 0.001480322403494938, 0.0014682275591439975, 0.0014562190713149903, 0.0014442964402405778, 0.0014324591688819055, 0.0014207067611096136, 0.0014090387253418157, 0.0013974545668133942, 0.0013859537975804415, 0.0013745359292443027, 0.0013632004756800598, 0.0013519469530365313, 0.0013407748770077887, 0.0013296837682901241, 0.001318673149398819, 0.0013077425405754184, 0.001296891467518435, 0.0012861194600191084, 0.0012754260424117092, 0.001264810748580203, 0.0012542731092253234, 0.0012438126577762887, 0.0012334289340287796, 0.0012231214718667616, 0.0012128898129049048, 0.0012027335005768691, 0.001192652074223588, 0.0011826450845546788, 0.0011727120740943064, 0.0011628525953710778, 0.0011530661986398627, 0.001143352435065026, 0.001133710863541637, 0.0011241410347793135, 0.0011146425140395877, 0.001105214857034298, 0.0010958576276607346, 0.001086570389361441, 0.0010773527101264335, 0.0010682041547624976, 0.0010591242971713655, 0.0010501127035240643, 0.0010411689527245471, 0.0010322926173103042, 0.0010234832752757939, 0.0010147405037059798, 0.0010060638869617833, 0.0009974530057661468, 0.0009889074453894864, 0.000980426791102218, 0.0009720106327222311, 0.0009636585600674152, 0.000955370165684144, 0.000947145042118791, 0.0009389827855557087, 0.0009308829958172282, 0.000922845269087702, 0.0009148692088274402, 0.0009069544175872579, 0.0008991004988274653, 0.0008913070623748354, 0.0008835737144181621, 0.000875900066603208, 0.0008682857314852299, 0.000860730321619485, 0.0008532334550181986, 0.0008457947478746064, 0.0008384138209294179, 0.0008310902940138476, 0.0008238237919613312, 0.0008166139400600514, 0.0008094603631434438, 0.0008023626928661542, 0.0007953205558806076, 0.0007883335874794284, 0.0007814014215909992, 0.0007745236930531973, 0.0007677000389776367, 0.0007609301005686575, 0.0007542135176663578, 0.0007475499337488145, 0.0007409389941130939, 0.0007343803445110098, 0.0007278736338776071, 0.000721418512512173, 0.0007150146311687422, 0.0007086616442393279, 0.0007023592079349328, 0.0006961069793760544, 0.0006899046147736954, 0.0006837517789790581, 0.0006776481300221349, 0.0006715933363921067, 0.0006655870606664394, 0.0006596289722438087, 0.0006537187400681432, 0.0006478560353571083, 0.0006420405297831167, 0.0006362719000208017, 0.0006305498204710602, 0.0006248739696275152, 0.0006192440282575262, 0.000613659675764211, 0.000608120596552908, 0.0006026264745742083, 0.0005971769978714292, 0.000591771853123646, 0.0005864107292836707, 0.0005810933207612834, 0.0005758193183282856, 0.0005705884177586995, 0.0005654003143718, 0.000560254708489083, 0.0005551512981583073, 0.0005500897855199582, 0.0005450698731692682, 0.0005400912673394487, 0.0005351536724447215, 0.0005302567969920347, 0.0005254003517620731, 0.000520584047990269, 0.0005158075955478125, 0.0005110707134008408, 0.000506373114149028, 0.0005017145185775007, 0.0004970946420144173, 0.0004925132088828832, 0.00048796993996802485, 0.00048346456060244236, 0.00047899679475449375, 0.00047456637003051583, 0.00047017301631058217, 0.00046581646347476635, 0.00046149644231263665, 0.00045721268816123484, 0.0004529649345386133, 0.00044875291951029794, 0.0004445763779585832, 0.00044043505477020517, 0.0004363286852822057, 0.0004322570162003103, 0.00042821979013751843, 0.0004242167537995556, 0.0004202476534374, 0.00041631223666627193, 0.0004124102561036125, 0.00040854146300262073, 0.00040470560861649574, 0.0004009024496554048, 0.0003971317405557784, 0.00039339324121101527, 0.000389686707421788, 0.0003860119040837162, 0.0003823685874522198, 0.0003787565265156445, 0.0003751754829863785, 0.00037162522403377807, 0.0003681055168271996, 0.0003646161317192309, 0.0003611568376982177, 0.0003577274073904846, 0.0003543276152413455, 0.0003509572343318723, 0.00034761604183586314, 0.0003443038153818634, 0.0003410203330531658, 0.00033776537702578935, 0.0003345387267472688, 0.00033134016621261253, 0.0003281694807810709, 0.0003250264553571469, 0.00032191087666433305, 0.0003188225350641005, 0.0003157612177346891, 0.00031272671822080156, 0.0003097188273386564, 0.00030673734090669313, 0.0003037820511053724, 0.00030085275693636504, 0.00029794925649184734, 0.00029507134695450077, 0.0002922188286902383, 0.00028939150524820434, 0.00028658917790380656, 0.0002838116520251788, 0.00028105873252570746, 0.00027833022659251583, 0.00027562594004848506, 0.00027294568599245395, 0.0002702892725210404, 0.00026765651136884117, 0.0002650472165441897, 0.00026246120205541956, 0.00025989828282035887, 0.0002573582760305726, 0.00025484099933237303, 0.0002523462726458092, 0.00024987391452668817, 0.0002474237489877851, 0.00024499559640389634, 0.00024258928215203923, 0.00024020463115448365, 0.0002378414683334995, 0.00023549962406832492, 0.00023317892373597715, 0.00023087919907993637, 0.00022860028002469335, 0.00022634200013271766, 0.00022410419114748947, 0.00022188668708622572, 0.00021968932514937478, 0.00021751194071839564, 0.00021535437281272607, 0.00021321645681382506, 0.0002110980381075933, 0.0002089989529849845, 0.00020691904592240462, 0.00020485816003201762, 0.00020281613933548215, 0.0002007928292186989, 0.00019878807597706327, 0.00019680172772496007, 0.00019483363303152146, 0.00019288364092062693, 0.0001909516022351454, 0.00018903737054642988, 0.00018714079578785459, 0.00018526173425925663, 0.00018340003953198902, 0.0001815555679058889, 0.00017972817659028806, 0.0001779177232492657, 0.00017612406782063772, 0.00017434706796848332, 0.0001725865863591025, 0.0001708424861135427, 0.00016911462807911448, 0.00016740287628635997, 0.0001657070979490527, 0.0001640271557334927, 0.0001623629186724429, 0.00016071425488917157, 0.00015908103068795754, 0.00015746311964903725, 0.00015586038898618426, 0.00015427271091539296, 0.0001526999599263945, 0.00015114200868993066, 0.0001495987294219958, 0.00014807000070504728, 0.00014655569748356356, 0.00014505569515677053, 0.00014356987503560958, 0.00014209811388354865, 0.00014064029210203444, 0.00013919629054726101, 0.0001377659896206751, 0.00013634927427119692, 0.00013494602626451524, 0.0001335561305495503, 0.00013217947071098024, 0.00013081593488095677, 0.00012946540755365277, 0.00012812777913495665, 0.00012680293548328336, 0.00012549076791401603, 0.00012419116455930634, 0.0001229040190082742, 0.00012162922212155536, 0.00012036666430503828, 0.00011911624187632697, 0.0001178778484245413, 0.00011665137844829587, 0.00011543672826519469, 0.00011423379373809439, 0.00011304247391308309, 0.00011186266465301742, 0.00011069426818721695, 0.00010953718128803303, 0.00010839130573003786, 0.00010725654328780365, 0.00010613279573590262, 0.00010501996530365432, 0.00010391795603936771, 0.00010282667244609911, 0.00010174602039114689, 0.0001006759030133253, 9.961622981791152e-05]