Optimization Results for LogBarrier using newton_method
----------------------------------------
Optimal x: [[-7.63121453e-01]
 [-1.69455703e+00]
 [ 8.46172499e-01]
 [-1.72142685e+00]
 [-5.62835232e-01]
 [ 1.22020233e+00]
 [ 3.21639493e-01]
 [ 7.50205523e-01]
 [-2.40889217e+00]
 [-6.79896430e+00]
 [ 1.88648855e+00]
 [-2.92203086e+00]
 [ 8.86272729e-01]
 [-1.44859972e+00]
 [ 4.91310521e-01]
 [-2.65844394e-03]
 [ 7.95258365e-02]
 [ 5.59773131e-01]
 [-1.60858866e+00]
 [-2.31727038e+00]
 [-1.04101217e+00]
 [ 9.51974998e-01]
 [-9.02357810e-01]
 [-1.21202095e+00]
 [ 4.54942070e-01]
 [ 7.89407555e-01]
 [-1.92027116e+00]
 [ 9.33535825e-01]
 [ 4.87749167e-01]
 [ 5.97209027e-01]
 [-8.18664912e-01]
 [ 2.00854069e+00]
 [-8.49898958e-02]
 [-9.38711167e-01]
 [ 4.78780516e+00]
 [-1.83498252e+00]
 [ 7.99984994e-01]
 [ 8.90615890e-01]
 [-1.16615730e+00]
 [-1.78379904e-01]
 [-1.78552711e+00]
 [-6.04873439e-02]
 [-1.93329866e+00]
 [ 9.71401570e-02]
 [ 1.55966466e+00]
 [-1.44416368e+00]
 [ 1.91480592e+00]
 [-1.09601625e+00]
 [-1.94644221e+00]
 [-1.21561671e+00]
 [ 8.48092446e-01]
 [ 2.11850588e-01]
 [-1.05205842e+00]
 [ 2.30277759e+00]
 [-1.11154960e+00]
 [-2.01215665e-01]
 [-5.15541071e-01]
 [ 8.25276918e-01]
 [ 1.07507490e+00]
 [-2.20370301e+00]
 [ 1.72475941e+00]
 [-9.02473667e-01]
 [ 8.09730168e-01]
 [-8.99618214e-01]
 [-1.48886115e+00]
 [-1.97129964e+00]
 [ 2.43578188e+00]
 [ 7.85984538e-01]
 [ 1.78330250e+00]
 [-2.03971249e+00]
 [ 2.56124527e-01]
 [ 1.38012021e-01]
 [-1.08108146e+00]
 [-7.16815004e-01]
 [-1.28134024e+00]
 [ 1.03858484e+00]
 [ 1.04081145e+00]
 [-1.70782535e+00]
 [-1.64492532e+00]
 [-5.13426507e-01]
 [-1.71364477e+00]
 [-8.14781631e-01]
 [ 1.16029110e+00]
 [-1.60568475e+00]
 [ 1.30268232e+00]
 [-1.35194018e+00]
 [ 2.16449683e-01]
 [-6.55286381e-01]
 [ 2.34510373e+00]
 [ 6.30535609e-01]
 [ 3.54650415e-01]
 [ 2.50950163e+00]
 [-2.27616104e+00]
 [-1.62434534e+00]
 [ 1.69539874e+00]
 [-1.31182818e+00]
 [ 1.00490730e+00]
 [ 3.07689538e+00]
 [ 5.96182572e-02]
 [-1.37983799e-01]]
Number of steps: 8
Errors: [429.7201959551637, 275.2125256849588, 142.0580120166601, 144.62285779963076, 84.38115826505327, 23.33158963662754, 1.7955844591160712, 0.037270576189257554, 4.964851268596249e-05]