Optimization Results for LogBarrier using gradient_descent
----------------------------------------
Optimal x: [[-9.71020350e-01]
 [-1.50500738e+00]
 [ 1.18178858e+00]
 [-1.38275311e+00]
 [-8.06533677e-01]
 [ 1.18973551e+00]
 [ 3.59186488e-01]
 [ 1.19958701e+00]
 [-2.65742022e+00]
 [-5.40915771e+00]
 [ 1.66020769e+00]
 [-2.72134622e+00]
 [ 8.18871504e-01]
 [-1.22928182e+00]
 [ 1.39057718e-01]
 [ 2.97608918e-01]
 [ 9.49037955e-02]
 [-8.01127833e-02]
 [-1.46309901e+00]
 [-2.33388340e+00]
 [-5.77896178e-01]
 [ 1.17030497e+00]
 [-7.50586145e-01]
 [-1.03243294e+00]
 [ 1.50117043e-01]
 [ 4.77541604e-01]
 [-1.47359998e+00]
 [ 8.96810512e-01]
 [ 5.11055269e-01]
 [ 8.32567099e-01]
 [-5.34146666e-01]
 [ 1.79383995e+00]
 [-3.45473490e-02]
 [-1.94696820e-01]
 [ 4.44964177e+00]
 [-1.98085808e+00]
 [ 5.63104829e-01]
 [ 3.14546562e-01]
 [-1.60128835e+00]
 [ 5.86661413e-01]
 [-1.16474852e+00]
 [-2.43537555e-01]
 [-8.24743699e-01]
 [ 3.96522575e-02]
 [ 1.34848442e+00]
 [-7.84304310e-01]
 [ 1.73368395e+00]
 [-8.01034213e-01]
 [-1.73756191e+00]
 [-1.20755852e+00]
 [ 9.91711101e-01]
 [ 5.54874811e-01]
 [-3.76433897e-01]
 [ 1.96935354e+00]
 [-4.43569096e-01]
 [-6.32659629e-01]
 [ 3.59036394e-02]
 [ 5.92684478e-01]
 [ 7.64153251e-01]
 [-1.91719698e+00]
 [ 1.29651884e+00]
 [-6.89074141e-01]
 [ 6.12638159e-01]
 [-3.95599150e-01]
 [-8.71924048e-01]
 [-1.30859291e+00]
 [ 2.18425936e+00]
 [ 2.57421002e-01]
 [ 1.83807089e+00]
 [-1.60034435e+00]
 [ 5.04391024e-01]
 [-6.75056132e-03]
 [-1.00794593e+00]
 [-7.17513344e-01]
 [-1.41018709e+00]
 [ 1.40574305e+00]
 [ 1.03513361e+00]
 [-1.71901623e+00]
 [-1.18059937e+00]
 [-3.85422779e-01]
 [-1.66190455e+00]
 [-2.19872194e-01]
 [ 8.12590157e-01]
 [-1.66969883e+00]
 [ 1.38603536e+00]
 [-1.51686907e+00]
 [ 3.10024424e-01]
 [-7.78630122e-01]
 [ 1.53165546e+00]
 [ 5.09853524e-01]
 [ 2.44135635e-01]
 [ 1.88360340e+00]
 [-2.07879110e+00]
 [-1.89720046e+00]
 [ 1.39944692e+00]
 [-1.41388455e+00]
 [ 6.63696040e-01]
 [ 2.67322185e+00]
 [ 3.77069244e-03]
 [ 4.98080502e-01]]
Number of steps: 169
Errors: [209.09184987397612, 96.77589883424616, 45.430657647754515, 41.04228513375983, 17.732676299290915, 81.21020546617297, 36.374115776530516, 36.02478012295842, 31.21004296048727, 30.152059315652195, 24.760319201191805, 23.85702732127652, 25.260482698440683, 38.15701457854584, 38.91978722744898, 0.4052085357352553, 20.424425087907366, 14.680552328447902, 1.5359068307975576, 20.300262645505427, 11.134782998162336, 13.37635060221237, 8.029129991148238, 12.108364369367791, 10.442149996108128, 3.6458121968926207, 9.26720068324903, 10.918772974143849, 5.065892344794065, 7.510197071961102, 4.9763235925165645, 1.9541986667950368, 8.373177309073071, 4.182917934333091, 9.02543312525495, 4.862291596746672, 4.1889532463856085, 3.8621242053905007, 4.852836655093597, 3.7406219296490235, 4.809942131355456, 1.395852419154835, 0.8900121504939307, 5.494750358521742, 4.330004812123661, 5.082486621967746, 2.649089841751902, 1.9304888144138204, 1.6642981739619245, 5.457850242371023, 4.353561191511744, 2.814194101767953, 2.2016346910513676, 1.875068988849307, 2.330840018455092, 0.13099567733752338, 5.987952300395591, 5.386456459828878, 6.586501045193472, 4.587873975169714, 3.2290681987196876, 5.57426279152196, 4.256803511854287, 3.400479984122285, 2.804807452311252, 1.995612698388868, 1.9447682615755184, 1.389350832447235, 4.114424196533037, 1.9402333708849255, 1.6092047294268923, 0.5694383632217068, 2.140726860894574, 1.3645702401918243, 2.886879675950695, 0.6540647799124599, 1.8984589769120248, 0.9122052213551797, 2.178294704525797, 2.526298238495656, 3.7341764893026266, 1.4167069351965438, 5.58278309163552, 6.735971142816197, 4.642853700415344, 2.7014898244901815, 4.586912771324023, 1.2719765301299049, 11.345698025326783, 3.1799022035183953, 8.112315328020031, 0.1994874620381779, 4.705059037978117, 0.7902977187736724, 4.444658228248045, 7.138709388991174, 3.5712438108080278, 5.269771985699663, 1.6797380749326294, 5.244958045257135, 2.6369727553160374, 1.833025383513359, 0.7821122076393294, 0.10444510301022092, 0.5091662873956011, 0.6753240214543439, 2.394801411981007, 2.7484383321307178, 2.5970177005656296, 5.005037675210588, 5.392273746914725, 1.5391189702359043, 0.24884147083321295, 2.4241544585761403, 0.9644303848713207, 0.7591664852861868, 0.18241187088960942, 6.5616670065851395, 2.4128801519536864, 1.4922978907770812, 3.1342626917758025, 4.787084457544552, 1.3459626478770588, 0.3196870746942295, 1.706047648400272, 3.1835851297551017, 3.07714088683133, 0.7500336141624757, 2.8031170622625723, 7.057519106633208, 3.913366556935671, 0.8585663024960013, 4.274641554124173, 1.6745548613826031, 4.794456829442424, 4.353039845602325, 2.384483035575613, 0.8236914371377679, 1.7634504394859505, 2.0757860687544962, 1.0231127916990772, 2.418295954067162, 3.7980929697405372, 3.2324698214479213, 0.8979313722556981, 1.79553301240594, 2.890909273228317, 0.8421954857012679, 5.712605871156484, 4.152934082317643, 4.914717595086586, 9.562342677928427, 3.191643318279148, 2.0956402284864453, 1.10548424526678, 0.530243496991261, 1.8853818758257148, 0.4793659471902174, 0.96778368839432, 0.8948010604517549, 4.291848534844576, 3.8021124133993, 2.0434548125422225, 0.7117847294289277, 11.04450341590018, 5.419208109437477, 1.0875992594296804, 4.618221985557739, 1.931551937164386, 0.00974657407232371]