Optimization Results for LogBarrier using quasi_newton_method
----------------------------------------
Optimal x: [[-8.89890537e-01]
 [-1.47989228e+00]
 [ 1.07702591e+00]
 [-1.30873273e+00]
 [-3.76776018e-01]
 [ 1.04297732e+00]
 [ 2.13011147e-01]
 [ 1.10970932e+00]
 [-2.39302732e+00]
 [-6.37885141e+00]
 [ 1.80329501e+00]
 [-2.94784712e+00]
 [ 1.07888845e+00]
 [-1.66598165e+00]
 [ 5.73668086e-01]
 [ 3.47370859e-02]
 [-5.97088283e-02]
 [ 5.61619897e-01]
 [-1.79656982e+00]
 [-2.54877457e+00]
 [-7.70594614e-01]
 [ 9.73487448e-01]
 [-9.74744238e-01]
 [-9.26780546e-01]
 [ 4.83760204e-01]
 [ 7.32683038e-01]
 [-1.74286461e+00]
 [ 1.06215637e+00]
 [ 5.93721930e-01]
 [ 7.24261131e-01]
 [-7.54294761e-01]
 [ 2.19471095e+00]
 [-1.95720858e-01]
 [-6.81670359e-01]
 [ 4.63363164e+00]
 [-2.32679777e+00]
 [ 6.91825474e-01]
 [ 7.40878471e-01]
 [-1.33928728e+00]
 [ 3.09543597e-04]
 [-1.80317727e+00]
 [-2.16611211e-01]
 [-1.65608370e+00]
 [ 1.24264489e-02]
 [ 1.60782215e+00]
 [-1.05137324e+00]
 [ 2.01938699e+00]
 [-9.75882108e-01]
 [-1.83506440e+00]
 [-1.42868705e+00]
 [ 9.68911876e-01]
 [ 4.54181782e-01]
 [-8.06680431e-01]
 [ 2.29129751e+00]
 [-8.57624161e-01]
 [ 9.48100131e-02]
 [-2.45806905e-01]
 [ 9.13970498e-01]
 [ 1.03809798e+00]
 [-2.18442187e+00]
 [ 1.78472111e+00]
 [-9.92094422e-01]
 [ 7.80388311e-01]
 [-6.62070192e-01]
 [-1.27777417e+00]
 [-1.81792707e+00]
 [ 2.28767760e+00]
 [ 5.80582253e-01]
 [ 2.06062369e+00]
 [-2.12083691e+00]
 [ 3.81181479e-01]
 [ 2.20090073e-01]
 [-1.01879420e+00]
 [-9.29876277e-01]
 [-1.42171694e+00]
 [ 1.33401877e+00]
 [ 1.07629640e+00]
 [-1.79078388e+00]
 [-1.39923763e+00]
 [-2.39126414e-01]
 [-1.56904826e+00]
 [-6.81300729e-01]
 [ 1.16208939e+00]
 [-1.37701284e+00]
 [ 1.46502653e+00]
 [-1.62249644e+00]
 [ 2.60130166e-01]
 [-8.77976156e-01]
 [ 2.42206530e+00]
 [ 7.77856089e-01]
 [ 1.81681483e-01]
 [ 2.36211541e+00]
 [-2.31394992e+00]
 [-1.88349697e+00]
 [ 1.80301621e+00]
 [-1.45130742e+00]
 [ 9.61761028e-01]
 [ 2.87551534e+00]
 [ 1.43157988e-01]
 [ 2.27544130e-01]]
Number of steps: 29
Errors: [209.09184987397612, 268.06076564680643, 141.60932411821477, 84.61353889810493, 82.66512441195596, 52.663235556030486, 60.71407238900247, 44.2532355192493, 3.217739071329106, 9.075202624674148, 14.660796589201254, 19.840984289867265, 13.576108044510875, 15.176165704771847, 12.904407063399049, 7.517247986896109, 12.855595824593365, 5.630227671683315, 6.678050634933243, 3.403637515740229, 4.099626314810848, 5.1762986877320145, 2.843276409432292, 0.8581653092724082, 0.7053631347534974, 1.3026674021048166, 0.7478685978867361, 1.528032748113219, 0.4151869960323893, 0.004549858493192005]