Optimization Results for Quadratic using quasi_newton_method
----------------------------------------
Optimal x: [[ 0.00000000e+00]
 [-5.92323654e-02]
 [-2.79431847e-02]
 [ 4.17846977e-02]
 [-3.21746908e-02]
 [-1.95962420e-02]
 [ 2.11694865e-02]
 [-2.18065009e-03]
 [-9.71352661e-03]
 [ 9.77433922e-03]
 [ 3.44687606e-03]
 [-1.41873067e-02]
 [-5.09790076e-03]
 [ 1.51621199e-02]
 [ 1.39568511e-02]
 [-2.83383253e-03]
 [-9.17810711e-03]
 [-1.59520703e-03]
 [ 2.64789213e-03]
 [-4.04122242e-03]
 [-1.07812812e-02]
 [-7.11164293e-03]
 [ 2.68554218e-03]
 [ 7.44997400e-03]
 [ 4.09330708e-03]
 [-5.18313095e-04]
 [-8.02746503e-05]
 [ 3.65486463e-03]
 [ 4.72686664e-03]
 [ 1.27645873e-03]
 [-2.44811851e-03]
 [-1.80956419e-03]
 [ 2.55521631e-03]
 [ 5.68690228e-03]
 [ 4.06236442e-03]
 [-7.42227241e-04]
 [-4.21309940e-03]
 [-3.87242969e-03]
 [-1.44751577e-03]
 [-3.11352627e-04]
 [-1.51544454e-03]
 [-2.83916101e-03]
 [-1.59394017e-03]
 [ 2.16349897e-03]
 [ 5.53204002e-03]
 [ 5.75421254e-03]
 [ 2.99847801e-03]
 [ 3.62048878e-05]
 [-6.92502561e-04]
 [ 5.56632984e-04]
 [ 1.44994500e-03]
 [ 3.42230594e-04]
 [-1.86822635e-03]
 [-2.76622876e-03]
 [-1.14387496e-03]
 [ 1.58411341e-03]
 [ 2.83897218e-03]
 [ 1.63602464e-03]
 [-3.71328429e-04]
 [-7.22135319e-04]
 [ 1.15403170e-03]
 [ 3.37443189e-03]
 [ 3.81612868e-03]
 [ 2.57680017e-03]
 [ 1.79440894e-03]
 [ 2.96319589e-03]
 [ 4.92491675e-03]
 [ 5.09288447e-03]
 [ 2.61830261e-03]
 [-3.72517563e-04]
 [-1.22138040e-03]
 [ 2.61973933e-05]
 [ 8.15883986e-04]
 [-3.20361211e-04]
 [-1.57907164e-03]
 [-4.67612661e-04]
 [ 2.18105928e-03]
 [ 2.89122648e-03]
 [ 6.69423230e-04]
 [-1.08866814e-03]
 [ 2.47811103e-04]
 [ 2.05548660e-03]
 [ 9.37247111e-04]
 [-6.96075607e-04]
 [ 1.05113286e-03]
 [ 2.86452905e-03]
 [ 1.32750490e-04]
 [-1.70946477e-03]
 [ 1.97706577e-03]
 [ 2.87747413e-03]
 [ 1.88747986e-03]
 [ 7.85676760e-03]
 [ 3.91783853e-03]
 [ 4.57104102e-03]
 [ 2.76116132e-03]
 [ 3.58922870e-03]
 [ 3.79780114e-03]
 [ 1.87300091e-03]
 [ 3.57783087e-03]
 [-2.67139744e-03]]
Number of steps: 51
Errors: [2200.1344006470963, 92.4861276487415, 11.75303227867343, 9.757361807300214, 13.470469160141903, 67.97856015931714, 34.78356594536449, 35.50693301181114, 13.168301742189463, 5.740523752903407, 3.5873031790087424, 2.9569403092238815, 5.132831167442141, 7.723320032010754, 7.772588024501438, 3.4937947467826795, 5.430885900466754, 2.933674097252462, 1.571149838037833, 0.9421183123196064, 0.31921323550525305, 0.4935981542146175, 0.6837730151114192, 0.8807857629705431, 0.9479829149552397, 0.7440604227797718, 0.3987860660463043, 0.6458439654867805, 0.41292845211383633, 0.26251659235183467, 0.17861695148389511, 0.07343654780425979, 0.09036836082808142, 0.10971673917314073, 0.12880746997793535, 0.13695387474058152, 0.12219160361248083, 0.08795381360016208, 0.053812039002182954, 0.0331635211149674, 0.024731122351899837, 0.02269716607269817, 0.023506805003985, 0.025917159226742204, 0.029436367012894232, 0.033100517608598085, 0.03488679144719062, 0.03256058599635647, 0.026041435746439162, 0.01820258040017053, 0.012076588215558376, 0.008489807746009118]