Optimization Results for Quadratic using adam_optimizer
----------------------------------------
Optimal x: [[ 0.00000000e+00]
 [-2.94832857e-17]
 [-5.30367808e-17]
 [-1.29404226e-16]
 [ 2.02660293e-16]
 [ 2.18257456e-16]
 [-6.19763311e-17]
 [ 1.88262573e-16]
 [ 1.02468003e-16]
 [-6.38951653e-16]
 [-7.39957695e-16]
 [ 1.68305802e-16]
 [-6.19224573e-16]
 [-3.28602475e-15]
 [-2.56236363e-16]
 [ 5.01094082e-15]
 [-8.14972080e-15]
 [ 1.10700976e-14]
 [-1.50055132e-14]
 [ 1.82513398e-14]
 [-1.31630402e-14]
 [-1.16983748e-14]
 [ 5.06996554e-14]
 [-5.06352235e-14]
 [-4.67458847e-14]
 [ 1.36805416e-13]
 [ 2.99665833e-14]
 [-2.74800926e-13]
 [-8.02493173e-14]
 [ 5.16181612e-13]
 [ 4.25679304e-13]
 [-7.19648175e-13]
 [-1.48035293e-12]
 [-1.04638013e-13]
 [ 2.84352685e-12]
 [ 3.95785707e-12]
 [-6.31846146e-14]
 [-8.15970166e-12]
 [-1.33720464e-11]
 [-6.59421272e-12]
 [ 1.55792500e-11]
 [ 4.36650164e-11]
 [ 5.45675707e-11]
 [ 2.08631113e-11]
 [-7.11003501e-11]
 [-2.00756370e-10]
 [-3.00699083e-10]
 [-2.62619198e-10]
 [ 3.06695120e-11]
 [ 6.46164875e-10]
 [ 1.52247790e-09]
 [ 2.39002262e-09]
 [ 2.71595500e-09]
 [ 1.70699732e-09]
 [-1.59287468e-09]
 [-8.07239516e-09]
 [-1.81559119e-08]
 [-3.12101820e-08]
 [-4.47339134e-08]
 [-5.33182864e-08]
 [-4.73767445e-08]
 [-1.16523575e-08]
 [ 7.64796170e-08]
 [ 2.48888170e-07]
 [ 5.48709501e-07]
 [ 1.03247903e-06]
 [ 1.77233175e-06]
 [ 2.85822858e-06]
 [ 4.40016655e-06]
 [ 6.53033184e-06]
 [ 9.40515730e-06]
 [ 1.32072497e-05]
 [ 1.81471559e-05]
 [ 2.44649418e-05]
 [ 3.24315625e-05]
 [ 4.23500084e-05]
 [ 5.45562143e-05]
 [ 6.94197252e-05]
 [ 8.73441173e-05]
 [ 1.08767173e-04]
 [ 1.34160819e-04]
 [ 1.64030830e-04]
 [ 1.98916314e-04]
 [ 2.39388987e-04]
 [ 2.86052260e-04]
 [ 3.39540138e-04]
 [ 4.00515969e-04]
 [ 4.69671044e-04]
 [ 5.47723069e-04]
 [ 6.35414532e-04]
 [ 7.33510976e-04]
 [ 8.42799203e-04]
 [ 9.64085410e-04]
 [ 1.09819329e-03]
 [ 1.24596211e-03]
 [ 1.40824474e-03]
 [ 1.58590574e-03]
 [ 1.77981942e-03]
 [ 1.99086788e-03]
 [ 2.21993918e-03]]
Number of steps: 636
Errors: [21.24217957538849, 15.739556012252706, 13.464979660134304, 12.21083982124037, 11.428287527885914, 10.907618000155708, 10.549379916654743, 10.299644527864984, 10.126336665971394, 10.009034242943017, 9.934032472949639, 9.891739489743486, 9.87520621700969, 9.879250345219134, 9.899910606062349, 9.93409393380216, 9.979340015573598, 10.033659839094526, 10.095422319915087, 10.163273004040548, 10.236074674280644, 10.312863229754385, 10.392814416197325, 10.475218392647548, 10.55946003710369, 10.645003505742807, 10.731379979435587, 10.818177824698978, 10.905034603626063, 10.991630514823555, 11.077682953159183, 11.162941953507016, 11.247186341613542, 11.330220458898111, 11.411871360143778, 11.49198640491204, 11.570431177267437, 11.64708767718912, 11.721852734210643, 11.794636601477578, 11.865361696663058, 11.933961464389995, 12.000379342201995, 12.064567818468277, 12.12648757532952, 12.186106712474839, 12.243400047548903, 12.298348486966916, 12.350938458256906, 12.401161393557686, 12.449013254653664, 12.494494092557716, 12.537607638331792, 12.578360925167317, 12.616763943784918, 12.652829333223508, 12.68657210708443, 12.718009411944422, 12.747160311601192, 12.774045589392472, 12.798687561875795, 12.821109900023202, 12.841337457846521, 12.859396111284013, 12.875312611434083, 12.889114455234676, 12.90082977416455, 12.910487238727683, 12.918115974631291, 12.92374548660382, 12.927405587329531, 12.929126331086081, 12.928937953339073, 12.926870817732834, 12.922955370865111, 12.917222103554423, 12.909701516031873, 12.900424084518818, 12.889420227906385, 12.876720275086427, 12.862354434832241, 12.846352770394788, 12.828745179836233, 12.809561381559888, 12.788830903095004, 12.766583070990237, 12.742847000429947, 12.717651584550595, 12.69102548446972, 12.662997121186436, 12.63359466989209, 12.602846056229055, 12.570778953439458, 12.537420779458898, 12.50279869365636, 12.466939593652114, 12.429870112926892, 12.391616619600882, 12.352205216153152, 12.31166173939664, 12.27001176009071, 12.227280582056892, 12.183493241257565, 12.13867450551561, 12.092848875320215, 12.046040585629953, 11.99827360811355, 11.949571653237172, 11.899958171877643, 11.849456356552764, 11.79808914259911, 11.745879209507393, 11.692848982418582, 11.639020633575456, 11.584416083576343, 11.529057002493346, 11.472964811056272, 11.41616068213466, 11.358665542527888, 11.300500074883303, 11.241684719501563, 11.1822396758987, 11.122184904199912, 11.061540126532009, 11.000324828544535, 10.938558261043681, 10.876259441620846, 10.813447156171947, 10.750139960296792, 10.686356180655253, 10.622113916350827, 10.5574310403465, 10.492325200851383, 10.4268138226347, 10.360914108264524, 10.294643039349467, 10.228017377823676, 10.161053667295164, 10.093768234380718, 10.026177189984537, 9.958296430510927, 9.89014163904585, 9.82172828655439, 9.75307163310822, 9.684186729115254, 9.615088416532672, 9.545791330047223, 9.476309898246654, 9.406658344795915, 9.336850689605285, 9.266900749980891, 9.196822141739972, 9.126628280310456, 9.056332381832362, 8.985947464283981, 8.915486348617492, 8.844961659897876, 8.77438582842899, 8.703771090874966, 8.633129491381737, 8.562472882707084, 8.491812927349542, 8.421161098671746, 8.350528682016261, 8.279926775827334, 8.20936629277628, 8.138857960888913, 8.068412324678206, 7.998039746265931, 7.927750406512132, 7.8575543061487, 7.787461266923174, 7.717480932747549, 7.647622770847647, 7.57789607291636, 7.508309956267453, 7.438873365000177, 7.369595071164099, 7.3004836759300815, 7.231547610765347, 7.162795138613546, 7.094234355083358, 7.025873189642766, 6.957719406817262, 6.889780607392538, 6.822064229620082, 6.754577550429985, 6.687327686649439, 6.620321596227825, 6.553566079463849, 6.487067780241944, 6.420833187271057, 6.354868635332139, 6.289180306529261, 6.223774231545406, 6.158656290905753, 6.093832216243641, 6.029307591575275, 5.965087854577632, 5.901178297871297, 5.837584070309049, 5.7743101782686495, 5.711361486950807, 5.648742721681799, 5.586458469220986, 5.52451317907213, 5.462911164798697, 5.4016566053457495, 5.340753546362919, 5.2802059015319855, 5.22001745390088, 5.160191857217285, 5.100732637269289, 5.04164319322831, 4.982926798995209, 4.92458660454912, 4.866625637299649, 4.809046803441959, 4.751852889314421, 4.69504656275717, 4.6386303744752695, 4.582606759402779, 4.526978038067739, 4.471746417960617, 4.416913994903268, 4.362482754419148, 4.3084545731047115, 4.254831220002416, 4.201614357973483, 4.148805545071582, 4.096406235917186, 4.044417783071225, 3.992841438410011, 3.9416783544980944, 3.8909295859625956, 3.8405960908652332, 3.7906787320746673, 3.741178278637193, 3.692095407146013, 3.6434307031094875, 3.595184662317621, 3.547357692206134, 3.499950113218972, 3.4529621601684255, 3.4063939835926647, 3.36024565111029, 3.3145171487724383, 3.2692083824115343, 3.224319178986349, 3.1798492879244975, 3.1357983824599387, 3.0921660609677133, 3.0489518482933704, 3.0061551970794085, 2.963775489086089, 2.9218120365076743, 2.8802640832843167, 2.8391308064083205, 2.798411317225032, 2.758104662728641, 2.7182098268515915, 2.6787257317493527, 2.6396512390770965, 2.6009851512624493, 2.5627262127696895, 2.524873111359028, 2.487424479337733, 2.450378894805141, 2.413734882890111, 2.3774909169812872, 2.3416454199496712, 2.30619676536395, 2.2711432786972807, 2.236483238526816, 2.202214877724643, 2.168336384640355, 2.134845904275622, 2.101741539449293, 2.06902135195476, 2.0366833637075814, 2.004725557884271, 1.9731458800521438, 1.941942239289446, 1.9111125092963164, 1.8806545294957715, 1.8505661061254983, 1.8208450133190155, 1.791488994177712, 1.7624957618322554, 1.7338630004935993, 1.705588366494382, 1.6776694893191006, 1.6501039726243931, 1.6228893952480519, 1.5960233122079757, 1.5695032556895399, 1.5433267360228058, 1.5174912426480631, 1.4919942450706714, 1.4668331938044332, 1.442005521304253, 1.4175086428863892, 1.393339957638858, 1.3694968493187076, 1.3459766872391015, 1.3227768271439686, 1.2998946120715686, 1.2773273732057717, 1.2550724307162966, 1.2331270945865356, 1.2114886654299397, 1.190154435294346, 1.1691216884545668, 1.1483877021928492, 1.1279497475675697, 1.107805090169819, 1.0879509908681513, 1.0683847065410603, 1.0491034907977763, 1.0301045946866623, 1.0113852673919226, 0.9929427569180334, 0.9747743107622853, 0.956877176575091, 0.9392486028085969, 0.9218858393530667, 0.9047861381611781, 0.8879467538606747, 0.8713649443547524, 0.8550379714107521, 0.8389631012367502, 0.8231376050464334, 0.8075587596121849, 0.7922238478061914, 0.7771301591299675, 0.7622749902321075, 0.7476556454144685, 0.7332694371265376, 0.7191136864485372, 0.7051857235628027, 0.6914828882138195, 0.6780025301569133, 0.6647420095955248, 0.6516986976073582, 0.6388699765593131, 0.6262532405112182, 0.613845895608744, 0.6016453604651488, 0.5896490665323242, 0.5778544584609158, 0.5662589944498535, 0.5548601465851632, 0.5436554011683938, 0.5326422590343434, 0.5218182358587597, 0.5111808624555714, 0.5007276850640068, 0.4904562656256637, 0.4803641820517157, 0.47044902848005066, 0.46070841552286623, 0.4511399705045136, 0.4417413376898125, 0.43251017850292683, 0.42344417173699966, 0.4145410137543948, 0.40579841867807076, 0.3972141185737641, 0.3887858636234327, 0.38051142228988866, 0.3723885814727801, 0.36441514665610875, 0.3565889420472832, 0.3489078107079262, 0.3413696146765073, 0.3339722350829444, 0.3267135722552936, 0.319591545818561, 0.3126040947860176, 0.30574917764276854, 0.2990247724220296, 0.2924288767740446, 0.28595950802785985, 0.2796147032460006, 0.27339251927228325, 0.2672910327727944, 0.26130834027018324, 0.2554425581714437, 0.24969182278923974, 0.2440542903569689, 0.23852813703762799, 0.23311155892664104, 0.22780277204877208, 0.2226000123492593, 0.2175015356792489, 0.2125056177757152, 0.20761055423592545, 0.20281466048666008, 0.19811627174821478, 0.19351374299336577, 0.18900544890142523, 0.1845897838074695, 0.18026516164688378, 0.1760300158953667, 0.17188279950445828, 0.16782198483276645, 0.16384606357297216, 0.15995354667475237, 0.15614296426372842, 0.1524128655565562, 0.14876181877226546, 0.14518841103997993, 0.14169124830312807, 0.13826895522021498, 0.13492017506234433, 0.13164356960752865, 0.12843781903190976, 0.12530162179806403, 0.12223369454037858, 0.11923277194771575, 0.11629760664340694, 0.11342696906269722, 0.11061964732773344, 0.10787444712022154, 0.10519019155180498, 0.10256572103231809, 0.09999989313595847, 0.0974915824655116, 0.0950396805147049, 0.09264309552877625, 0.09030075236336632, 0.08801159234180878, 0.08577457311091807, 0.08358866849534508, 0.0814528683506075, 0.07936617841486004, 0.07732762015949879, 0.07533623063867223, 0.07339106233778292, 0.07149118302106316, 0.06963567557828743, 0.06782363787070844, 0.06605418257628726, 0.0643264370342922, 0.06263954308932496, 0.06099265693486444, 0.059384948956378025, 0.05781560357407445, 0.05628381908536406, 0.054788807507085924, 0.053329794417567244, 0.05190601879857759, 0.05051673287722913, 0.04916120196789042, 0.04783870431416304, 0.04654853093098321, 0.04528998544689267, 0.044062383946537054, 0.04286505481344682, 0.04169733857313873, 0.040558587736594376, 0.039448166644163285, 0.03836545130992963, 0.03730982926659143, 0.03628069941089551, 0.0352774718496649, 0.03429956774646459, 0.033346419168940766, 0.03241746893687081, 0.031512170470966216, 0.03062998764245206, 0.029770394623472973, 0.02893287573833947, 0.0281169253156639, 0.027322047541404326, 0.02654775631284978, 0.02579357509357627, 0.025059036769395027, 0.02434368350532723, 0.023647066603621036, 0.02296874636283852, 0.02230829193803674, 0.02166528120206135, 0.02103930060797299, 0.020429945052628184, 0.019836817741431312, 0.01925953005427572, 0.018697701412690226, 0.018150959148204415, 0.017618938371953163, 0.01710128184552595, 0.01659763985308005, 0.016107670074726632, 0.01563103746120048, 0.01516741410982514, 0.014716479141781758, 0.014277918580688387, 0.013851425232502934, 0.01343669856674834, 0.01303344459907485, 0.012641375775158392, 0.012260210855943199, 0.011889674804231087, 0.011529498672621541, 0.011179419492805709, 0.010839180166214268, 0.010508529356022811, 0.010187221380514866, 0.009875016107802115, 0.009571678851901133, 0.009276980270167712, 0.008990696262085207, 0.00871260786940442, 0.008442501177635814, 0.008180167218886203, 0.0079254018760406, 0.007678005788282649, 0.007437784257949692, 0.007204547158718572, 0.006978108845115183, 0.006758288063343221, 0.006544907863425126, 0.006337795512650318, 0.006136782410320923, 0.005941704003790488, 0.00575239970578717, 0.0055687128130123, 0.00539049042600831, 0.005217583370285495, 0.005049846118699491, 0.004887136715071405, 0.0047293166990390045, 0.004576251032131717, 0.004427808025057725, 0.004283859266194706, 0.004144279551272237, 0.004008946814237108, 0.0038777420592893685, 0.0037505492940794333, 0.003627255464054374, 0.003507750387942904, 0.0033919266943669424, 0.003279679759569276, 0.0031709076462449193, 0.0030655110434646554, 0.0029633932076793823, 0.0028644599047926433, 0.002768619353289939, 0.002675782168412355, 0.002585861307362533, 0.0024987720155306425, 0.0024144317737281318, 0.0023327602464169317, 0.0022536792309216513, 0.0021771126076124275, 0.0021029862910459385, 0.002031228182052147, 0.0019617681207543813, 0.0018945378405099203, 0.0018294709227591674, 0.0017665027527704324, 0.0017055704762680424, 0.0016466129569314009, 0.0015895707347524865, 0.0015343859852393477, 0.001481002479453264, 0.0014293655448674447, 0.00137942202703447, 0.0013311202520508714, 0.0012844099898062164, 0.0012392424180046602, 0.0011955700869471127, 0.0011533468850616554, 0.0011125280051706293, 0.0010730699114823404, 0.0010349303072955118, 0.0009980681034051156, 0.000962443387197566, 0.0009280173924239542, 0.000894752469639902, 0.0008626120573005588, 0.0008315606534994684, 0.000801563788340353, 0.0007725879969304149, 0.0007446007929844956, 0.0007175706430290196, 0.0006914669411950333, 0.0006662599845897593, 0.0006419209492359405, 0.0006184218665687483, 0.000595735600479751, 0.0005738358248978514, 0.0005526970018970533, 0.000532294360321043, 0.000512603874914799, 0.0004936022459533992, 0.0004752668793584474, 0.0004575758672926075, 0.0004405079692228128, 0.00042404259344293663, 0.0004081597790467073, 0.00039284017834192823, 0.0003780650396969839, 0.0003638161908109585, 0.0003500760223985877, 0.0003368274722816353, 0.00032405400987813547, 0.0003117396210812933, 0.00029986879351985313, 0.0002884265021918372, 0.0002773981954637744, 0.00026676978142757286, 0.0002565276146073445, 0.00024665848300864466, 0.0002371495955026089, 0.00022798856953773223, 0.0002191634191720162, 0.00021066254341841652, 0.00020247471489661002, 0.00019458906878420858, 0.00018699509206068603, 0.00017968261303739647, 0.00017264179116712602, 0.00016586310712684042, 0.00015933735316728172, 0.00015305562372326838, 0.00014700930627861925, 0.00014119007247975464, 0.00013558986949211652, 0.0001302009115936708, 0.0001250156719998668, 0.000120026874914512, 0.00011522748780114873, 0.0001106107138696172, 0.00010616998477257743, 0.0001018989535068811, 9.779148751477623e-05]