Optimization Results for Quadratic using gradient_descent
----------------------------------------
Optimal x: [[ 0.00000000e+00]
 [ 6.89371360e-03]
 [ 1.13276920e-02]
 [ 1.39061490e-02]
 [ 1.51132880e-02]
 [ 1.53333968e-02]
 [ 1.48680805e-02]
 [ 1.39509775e-02]
 [ 1.27602683e-02]
 [ 1.14292538e-02]
 [ 1.00552548e-02]
 [ 8.70705333e-03]
 [ 7.43107587e-03]
 [ 6.25649336e-03]
 [ 5.19939539e-03]
 [ 4.26617536e-03]
 [ 3.45624809e-03]
 [ 2.76420572e-03]
 [ 2.18150435e-03]
 [ 1.69776157e-03]
 [ 1.30173423e-03]
 [ 9.82035723e-04]
 [ 7.27643819e-04]
 [ 5.28241872e-04]
 [ 3.74429829e-04]
 [ 2.57835262e-04]
 [ 1.71149518e-04]
 [ 1.08109498e-04]
 [ 6.34417007e-05]
 [ 3.27817589e-05]
 [ 1.25798581e-05]
 [ 0.00000000e+00]
 [-7.18095167e-06]
 [-1.06701757e-05]
 [-1.17488467e-05]
 [-1.13533346e-05]
 [-1.01467097e-05]
 [-8.58028160e-06]
 [-6.94539277e-06]
 [-5.41604293e-06]
 [-4.08315577e-06]
 [-2.98143779e-06]
 [-2.10984237e-06]
 [-1.44665424e-06]
 [-9.60167774e-07]
 [-6.15858142e-07]
 [-3.80849502e-07]
 [-2.26377237e-07]
 [-1.28830246e-07]
 [-6.98496170e-08]
 [-3.58568567e-08]
 [-1.72913029e-08]
 [-7.75469243e-09]
 [-3.19237306e-09]
 [-1.18566439e-09]
 [-3.88051073e-10]
 [-1.08273836e-10]
 [-2.45344200e-11]
 [-4.18703786e-12]
 [-4.74269333e-13]
 [-2.81304632e-14]
 [-5.13057610e-16]
 [-5.26221357e-19]
 [ 0.00000000e+00]
 [-5.78241159e-19]
 [-6.19594163e-16]
 [-3.73456149e-14]
 [-6.92456193e-13]
 [-6.72706722e-12]
 [-4.34070507e-11]
 [-2.11133980e-10]
 [-8.34897763e-10]
 [-2.81810087e-09]
 [-8.39435318e-09]
 [-2.25965488e-08]
 [-5.59424507e-08]
 [-1.29084684e-07]
 [-2.80507192e-07]
 [-5.78788826e-07]
 [-1.14151926e-06]
 [-2.16366673e-06]
 [-3.95908806e-06]
 [-7.01996788e-06]
 [-1.21003095e-05]
 [-2.03312083e-05]
 [-3.33775597e-05]
 [-5.36481300e-05]
 [-8.45735935e-05]
 [-1.30970264e-04]
 [-1.99510872e-04]
 [-2.99327935e-04]
 [-4.42780048e-04]
 [-6.46416939e-04]
 [-9.32185348e-04]
 [-1.32892487e-03]
 [-1.87421086e-03]
 [-2.61661048e-03]
 [-3.61842793e-03]
 [-4.95902627e-03]
 [-6.73882537e-03]]
Number of steps: 10
Errors: [2200.1344006470963, 262.3152070454877, 53.334797517019645, 12.832972488441875, 3.4003619502322433, 0.975202797632114, 0.3051637764445112, 0.1068386686077217, 0.04311525789609296, 0.020327622003121548, 0.009477014525515581]